id,predict_0,predict_1,predict_2
    2,0.87612258097873574325,0.1076819608074,0.0161954582139
    3,0.58684779055557356742,0.3409532998857,0.0721989095587
    4,0.87394268209293179961,0.1095457545767,0.0165115633303
    7,0.23082809812302906849,0.5329651557538,0.2362067461231
    9,0.16484287188216972808,0.5329693243081,0.3021878038098
   10,0.85002977181462335832,0.1299108532394,0.0200593749460
   11,0.82507818756211581679,0.1509963350104,0.0239254774275
   12,0.81300150779647251120,0.1611381342329,0.0258603579706
   14,0.82213542703658193389,0.1534715440844,0.0243930288790
   15,0.85600566775865782887,0.1248355958493,0.0191587363921
   16,0.55612172741293952605,0.3633993282563,0.0804789443307
   17,0.61776705976326251601,0.3177763760493,0.0644565641875
   18,0.96565811592089256798,0.0301741148995,0.0041677691796
   21,0.18806199371647069896,0.5357538753425,0.2761841309410
   22,0.92866813815184956482,0.0624108492861,0.0089210125621
   25,0.80340831698246129022,0.1691634301688,0.0274282528488
   30,0.86243773176896199040,0.1193623652267,0.0181999030043
   32,0.70062258596962001533,0.2532065741582,0.0461708398722
   34,0.79669048240220585733,0.1747665780138,0.0285429395840
   35,0.59972638628163599250,0.3313676475037,0.0689059662146
   36,0.83516307703564740539,0.1424949512429,0.0223419717215
   37,0.74279894507547505889,0.2191816322652,0.0380194226593
   39,0.79332812700453492205,0.1775657452128,0.0291061277827
   40,0.33222458274643063003,0.5000108599430,0.1677645573106
   41,0.82230713275397637751,0.1533271882066,0.0243656790394
   42,0.34023343274960216043,0.4963177768723,0.1634487903781
   45,0.35875278189670189999,0.4873158358790,0.1539313822243
   46,0.87786667114504290943,0.1061899212813,0.0159434075736
   47,0.65978816751515334538,0.2854404006805,0.0547714318043
   48,0.28344035517510257627,0.5194676607027,0.1970919841222
   50,0.37095916201152812075,0.4810546263954,0.1479862115930
   51,0.33128059995441794250,0.5004377711935,0.1682816288521
   52,0.95845329294872549930,0.0364753235136,0.0050713835376
   56,0.81172765382868850015,0.1622053872465,0.0260669589248
   58,0.71104868487978023506,0.2448609771747,0.0440903379455
   62,0.94434511749554028714,0.0487833632011,0.0068715193033
   63,0.93276575948191808862,0.0588540265951,0.0083802139229
   65,0.10110597896587258937,0.5003011339827,0.3985928870514
   66,0.36083648471963480908,0.4862647460504,0.1528987692300
   70,0.34946525685523133209,0.4919083597354,0.1586263834094
   71,0.85222565204015332530,0.1280470261973,0.0197273217626
   72,0.29657781276871542087,0.5147900668070,0.1886321204243
   73,0.92244086163435889958,0.0678092110694,0.0097499272963
   74,0.67698043363759219382,0.2719602764003,0.0510592899621
   76,0.85841383348180466673,0.1227876893931,0.0187984771251
   77,0.38983917004007806462,0.4709017292012,0.1392591007587
   78,0.00471630093190267274,0.1683037365290,0.8269799625391
   82,0.49561229914229931737,0.4056022796386,0.0987854212191
   85,0.29527379975850409632,0.5152743733074,0.1894518269341
   86,0.92973294269008399660,0.0614869280148,0.0087801292951
   87,0.64017619494693656090,0.3006448159701,0.0591789890830
   95,0.99968332052802166832,0.0002792646559,0.0000374148161
   96,0.07336023263602986511,0.4666161357742,0.4600236315898
   97,0.61367888255406277676,0.3208724571767,0.0654486602693
   98,0.88574605724242083671,0.0994398295065,0.0148141132510
  100,0.87774695750079811951,0.1062923585761,0.0159606839231
  101,0.81262546040165206662,0.1614532424912,0.0259212971072
  102,0.85600566775865782887,0.1248355958493,0.0191587363921
  103,0.74844660968530929424,0.2145741095531,0.0369792807615
  106,0.29193317134744412034,0.5164953275319,0.1915715011207
  108,0.81992718959468013917,0.1553272816025,0.0247455288028
  109,0.74279894507547505889,0.2191816322652,0.0380194226593
  110,0.74279894507547505889,0.2191816322652,0.0380194226593
  113,0.52760988863477276123,0.3836421727120,0.0887479386533
  114,0.94012331621177658292,0.0524584092233,0.0074182745650
  116,0.87252600184556083907,0.1107563613315,0.0167176368229
  117,0.59901833964855633052,0.3318972352879,0.0690844250635
  118,0.45157916407856835139,0.4343053225256,0.1141155133958
  121,0.93897893898655970801,0.0534539298315,0.0075671311819
  122,0.82535938099118333344,0.1507596872221,0.0238809317867
  123,0.86642852451311491713,0.1159610628688,0.0176104126181
  124,0.90965977715533807846,0.0788618465185,0.0114783763262
  126,0.63503049288794499727,0.3046020780862,0.0603674290259
  127,0.85110558387998291874,0.1289978831949,0.0198965329251
  128,0.54725036442488572686,0.3697613673415,0.0829882682337
  133,0.33100392849568338605,0.5005625532717,0.1684335182327
  136,0.29118626448216922142,0.5167643803797,0.1920493551381
  137,0.81858199300485867678,0.1564570470810,0.0249609599142
  140,0.68642594101994469646,0.2644969822745,0.0490770767055
  141,0.43450924893883802191,0.4448907824338,0.1205999686274
  143,0.48307776961477055799,0.4139633994174,0.1029588309679
  144,0.91672226774854148612,0.0727590114788,0.0105187207727
  145,0.06046879884171563191,0.4438080508536,0.4957231503047
  147,0.30193902677195005868,0.5127544355238,0.1853065377043
  148,0.32569957413076244812,0.5029245840787,0.1713758417905
  150,0.55380603693373187113,0.3650653584861,0.0811286045802
  151,0.60957113496357884230,0.3239739233254,0.0664549417111
  153,0.80530612041254601152,0.1675780127661,0.0271158668214
  155,0.92061450803627786765,0.0693908294184,0.0099946625453
  156,0.81707601951918018557,0.1577212113205,0.0252027691603
  160,0.47992927462979406705,0.4160407589547,0.1040299664155
  163,0.43305152758364395815,0.4457793396837,0.1211691327327
  164,0.68276581461809593421,0.2673937003353,0.0498404850466
  165,0.46280870484079494886,0.4271684550037,0.1100228401555
  166,0.93386743361694923848,0.0578971281757,0.0082354382073
  167,0.37905024250498220439,0.4767707356275,0.1441790218675
  168,0.83516307703564740539,0.1424949512429,0.0223419717215
  169,0.85491401336558314750,0.1257634349132,0.0193225517212
  170,0.09563606511359568074,0.4949625149352,0.4094014199512
  171,0.81992718959468013917,0.1553272816025,0.0247455288028
  172,0.12957822886991010591,0.5205766556559,0.3498451154742
  173,0.50629030822494780484,0.3983691609081,0.0953405308670
  174,0.19605114056153105651,0.5359367565832,0.2680121028553
  175,0.67321439931006243906,0.2749248248458,0.0518607758441
  176,0.11169056801872279117,0.5091893607860,0.3791200711953
  180,0.92195728153099287816,0.0682280627274,0.0098146557417
  181,0.02488019361690130271,0.3331194826527,0.6420003237304
  182,0.59933910140392065991,0.3316573562455,0.0690035423506
  185,0.80340574525601193834,0.1691655778317,0.0274286769123
  186,0.93580706717843764597,0.0562117536438,0.0079811791778
  187,0.76553548665220261249,0.2005633797803,0.0339011335675
  189,0.46709192009271549573,0.4244118465865,0.1084962333208
  192,0.50272629174286742604,0.4007943499589,0.0964793582982
  194,0.92814550403626006059,0.0628642434576,0.0089902525061
  195,0.74279894507547505889,0.2191816322652,0.0380194226593
  197,0.92622010706024215931,0.0645340418089,0.0092458511309
  198,0.83501421453105761916,0.1426206488534,0.0223651366155
  201,0.99968717505816251379,0.0002758656388,0.0000369593030
  202,0.57547819412408496298,0.3493307343105,0.0751910715654
  203,0.94097703074796923417,0.0517155615450,0.0073074077071
  205,0.94530790893171201539,0.0479447340900,0.0067473569783
  208,0.76858319130111896200,0.1980540021367,0.0333628065622
  209,0.81992718959468013917,0.1553272816025,0.0247455288028
  210,0.03128857105965243690,0.3613518467120,0.6073595822283
  211,0.92144249126288690910,0.0686738897939,0.0098836189432
  214,0.77978341385126714869,0.1888052874195,0.0314112987293
  215,0.00617687929432664262,0.1895286296146,0.8042944910911
  216,0.42190100176278333421,0.4524920976039,0.1256069006333
  218,0.43988384548774117633,0.4415933482328,0.1185228062795
  219,0.31962925343475001583,0.5055553597780,0.1748153867872
  220,0.48948995001366246704,0.4097040788396,0.1008059711467
  222,0.55502795229398649290,0.3641867140375,0.0807853336685
  224,0.24852437358764067898,0.5294726447474,0.2220029816650
  226,0.80115624071604529810,0.1710433739950,0.0278003852890
  228,0.46218141447114979847,0.4275705980548,0.1102479874740
  229,0.02355928937126638978,0.3265323566862,0.6499083539426
  230,0.81679711195140414226,0.1579552623582,0.0252476256904
  231,0.92463675221829266793,0.0659065930984,0.0094566546833
  232,0.85600566775865782887,0.1248355958493,0.0191587363921
  233,0.97717272905473950839,0.0200822060815,0.0027450648637
  235,0.93498675454392421447,0.0569246335728,0.0080886118833
  236,0.95247356401077143406,0.0416970869705,0.0058293490187
  237,0.59901833964855633052,0.3318972352879,0.0690844250635
  241,0.86120838783477815515,0.1204092871902,0.0183823249750
  244,0.74279894507547505889,0.2191816322652,0.0380194226593
  245,0.56947488892540909511,0.3537207285526,0.0768043825220
  246,0.43332472292819335102,0.4456130028565,0.1210622742153
  249,0.84116753305764047077,0.1374197173615,0.0214127495809
  250,0.55395444573064733795,0.3649586976752,0.0810868565942
  252,0.59565019753019188276,0.3344123875402,0.0699374149296
  253,0.05249937821237904423,0.4264391289206,0.5210614928671
  254,0.88527169048244547245,0.0998466412287,0.0148816682889
  255,0.80608570193295503437,0.1669264352312,0.0269878628358
  258,0.76527856667518834310,0.2007747742757,0.0339466590491
  261,0.31669673358748673397,0.5067977914509,0.1765054749616
  264,0.00083303426837477712,0.0753836024737,0.9237833632579
  267,0.44790134004150417013,0.4366134853068,0.1154851746517
  268,0.59901833964855633052,0.3318972352879,0.0690844250635
  271,0.59881678833396634332,0.3320479326786,0.0691352789875
  273,0.99953261671004411948,0.0004121567543,0.0000552265357
  276,0.91455636918049731943,0.0746318119490,0.0108118188705
  277,0.83420439957166470091,0.1433043374792,0.0224912629491
  278,0.73460852035756041278,0.2258428005336,0.0395486791088
  280,0.91527495870148223300,0.0740105825023,0.0107144587962
  281,0.73212056723196605734,0.2278612615548,0.0400181712133
  282,0.61472369366088519538,0.3200820807666,0.0651942255725
  283,0.08462089362568558926,0.4824119323943,0.4329671739800
  285,0.65268312672953376907,0.2909705459775,0.0563463272930
  286,0.84455613763613823775,0.1345511219962,0.0208927403677
  287,0.42795847609598924866,0.4488640636463,0.1231774602577
  288,0.71078571165633308571,0.2450720210084,0.0441422673353
  289,0.92078281425681773875,0.0692451076957,0.0099720780475
  291,0.01251394886860945910,0.2553575867469,0.7321284643845
  294,0.46673229568716190219,0.4246440097793,0.1086236945335
  298,0.50822167037208476614,0.3970504210660,0.0947279085620
  301,0.74701486371993319757,0.2157432622693,0.0372418740107
  303,0.99561441695971741872,0.0038657930003,0.0005197900400
  304,0.65198843847647180993,0.2915099342525,0.0565016272710
  305,0.58722907596858286983,0.3406709545541,0.0720999694773
  307,0.21027956265460145957,0.5354133442950,0.2543070930504
  308,0.53823725017799650683,0.3761671024423,0.0855956473797
  309,0.22092319754828537715,0.5343773945795,0.2446994078723
  310,0.54775751091282975924,0.3693991768255,0.0828433122617
  311,0.71017223477761914907,0.2455642456616,0.0442635195608
  312,0.27153219960534613620,0.5232994323991,0.2051683679956
  314,0.86862163274856307726,0.1140901569011,0.0172882103503
  316,0.75767763797491849420,0.2070185440404,0.0353038179847
  318,0.85600566775865782887,0.1248355958493,0.0191587363921
  322,0.46121912799326447718,0.4281867132622,0.1105941587445
  324,0.83436872498199599058,0.1431656201586,0.0224656548594
  325,0.17515005371604863704,0.5346485167991,0.2902014294849
  326,0.83224984084947473129,0.1449537197241,0.0227964394264
  328,0.74279894507547505889,0.2191816322652,0.0380194226593
  329,0.30004328303641925046,0.5134823373840,0.1864743795796
  330,0.73547479485493316709,0.2251394508714,0.0393857542737
  331,0.93904005059888073781,0.0534007744556,0.0075591749456
  332,0.99950512371872113349,0.0004363998920,0.0000584763893
  333,0.39665886159196306338,0.4671036158405,0.1362375225675
  335,0.74266937477494021635,0.2192872030301,0.0380434221950
  336,0.49253192992175642839,0.4076702550369,0.0997978150414
  337,0.59624633575893670745,0.3339677146871,0.0697859495540
  340,0.17784755916046590674,0.5349671494293,0.2871852914103
  342,0.00791582857040851184,0.2109409093979,0.7811432620317
  344,0.96849031581494937626,0.0276942769068,0.0038154072782
  346,0.89728338832323206731,0.0895287675712,0.0131878441056
  347,0.78457705359238594234,0.1848342327526,0.0305887136550
  349,0.86243773176896199040,0.1193623652267,0.0181999030043
  351,0.83516307703564740539,0.1424949512429,0.0223419717215
  352,0.93067852277309437437,0.0606662492884,0.0086552279385
  353,0.99983620339187473380,0.0001444467868,0.0000193498213
  354,0.72496678102127920518,0.2336519699436,0.0413812490351
  356,0.77821776778711093669,0.1901006423993,0.0316815898136
  359,0.51859550592707392980,0.3899140128719,0.0914904812010
  361,0.84237380952598550632,0.1363989150841,0.0212272753899
  362,0.81992718959468013917,0.1553272816025,0.0247455288028
  365,0.86106615316266199578,0.1205303902769,0.0184034565605
  366,0.68494862833666225743,0.2656668746758,0.0493844969875
  367,0.39665886159196306338,0.4671036158405,0.1362375225675
  368,0.82230713275397637751,0.1533271882066,0.0243656790394
  369,0.59965975616374422863,0.3314174965137,0.0689227473225
  370,0.81992718959468013917,0.1553272816025,0.0247455288028
  372,0.53902121596473961951,0.3756123002112,0.0853664838241
  374,0.82638426528930297721,0.1498969688331,0.0237187658776
  375,0.36515956060035470454,0.4840605035002,0.1507799358994
  376,0.32193634441017948689,0.5045647687815,0.1734988868083
  378,0.54162856022469341166,0.3737638415549,0.0846075982204
  380,0.92590754801078045677,0.0648050313929,0.0092874205963
  382,0.83516307703564740539,0.1424949512429,0.0223419717215
  383,0.85025548416024299136,0.1297193319768,0.0200251838630
  384,0.81858199300485867678,0.1564570470810,0.0249609599142
  386,0.05933479139519248768,0.4415081569681,0.4991570516367
  388,0.94669214238243148962,0.0467386716701,0.0065691859475
  389,0.60957113496357884230,0.3239739233254,0.0664549417111
  390,0.84237380952598550632,0.1363989150841,0.0212272753899
  393,0.41543514588370566987,0.4563143808324,0.1282504732839
  394,0.59901833964855633052,0.3318972352879,0.0690844250635
  395,0.43296511584921049121,0.4458319337617,0.1212029503891
  396,0.20104485788107306909,0.5358720319608,0.2630831101581
  398,0.45633126560203718380,0.4313013672662,0.1123673671318
  399,0.34010775987055097414,0.4963766936098,0.1635155465196
  401,0.68141571858031579900,0.2684607076492,0.0501235737705
  402,0.76084183166841068413,0.2044217540070,0.0347364143246
  404,0.91841313426035053880,0.0712962240666,0.0102906416730
  405,0.91415499949525735879,0.0749787499971,0.0108662505076
  407,0.80072496879948007464,0.1714032046087,0.0278718265919
  410,0.68880982669382073702,0.2626071584244,0.0485830148818
  414,0.34197939238095564907,0.4954961276476,0.1625244799715
  416,0.43998484197062537326,0.4415310668152,0.1184840912142
  418,0.93212490509180567777,0.0594105426968,0.0084645522114
  419,0.25696744631946821791,0.5274077886400,0.2156247650406
  422,0.81153604240763421718,0.1623658800736,0.0260980775188
  423,0.90851174361973752180,0.0798528075477,0.0116354488326
  425,0.87670094170222057084,0.1071872673724,0.0161117909254
  426,0.84673534031137465128,0.1327046778897,0.0205599817990
  427,0.90592859550610771446,0.0820814210994,0.0119899833945
  428,0.32924852499912171666,0.5013506363069,0.1694008386940
  431,0.73914125567175148479,0.2221594574162,0.0386992869121
  433,0.77114045377452611341,0.1959460079507,0.0329135382748
  434,0.93727707169755469785,0.0549339075178,0.0077890207846
  435,0.82768239627904216515,0.1488038064688,0.0235137972522
  436,0.84931956666098729070,0.1305133865392,0.0201670467998
  440,0.80340574525601193834,0.1691655778317,0.0274286769123
  441,0.00144607958358955457,0.0978903530727,0.9006635673437
  442,0.49253192992175642839,0.4076702550369,0.0997978150414
  443,0.90591534531167949851,0.0820928487374,0.0119918059509
  445,0.44314920603715479697,0.4395738426250,0.1172769513378
  448,0.10205179988375490119,0.5011700156213,0.3967781844950
  451,0.55380603693373187113,0.3650653584861,0.0811286045802
  454,0.17736737395685608920,0.5349139406165,0.2877186854267
  456,0.89510463667196948911,0.0914028554583,0.0134925078697
  457,0.29118626448216922142,0.5167643803797,0.1920493551381
  458,0.63760025891618010707,0.3026275250548,0.0597722160290
  459,0.93996849268404480959,0.0525931101470,0.0074383971690
  460,0.36122756597714134053,0.4860666430277,0.1527057909952
  461,0.00026577783654591070,0.0434289798401,0.9563052423233
  463,0.82768239627904216515,0.1488038064688,0.0235137972522
  464,0.57614678936243091112,0.3488403673548,0.0750128432828
  467,0.05702177053321966227,0.4366480768015,0.5063301526653
  468,0.57335272971153961041,0.3508876925663,0.0757595777222
  471,0.90195197048791841965,0.0855092299653,0.0125387995468
  473,0.18369821967083033165,0.5354967549967,0.2808050253325
  475,0.77795202988943623623,0.1903204235939,0.0317275465166
  476,0.05078549220486483495,0.4223046110059,0.5269098967892
  478,0.20361566249747009572,0.5357875346549,0.2605968028476
  481,0.25762973970274982705,0.5272356490730,0.2151346112242
  482,0.84728768402539322846,0.1322364706040,0.0204758453706
  483,0.81992718959468013917,0.1553272816025,0.0247455288028
  485,0.91823638663215634281,0.0714491605031,0.0103144528648
  490,0.94112368177713756623,0.0515879396475,0.0072883785754
  493,0.86243773176896199040,0.1193623652267,0.0181999030043
  494,0.83427580928512923286,0.1432440570210,0.0224801336939
  508,0.20857882229574586930,0.5355296539881,0.2558915237162
  509,0.88480445215690817218,0.1002472858503,0.0149482619928
  510,0.74980369860270679183,0.2134652399060,0.0367310614913
  511,0.90991699910680245988,0.0786397758099,0.0114432250833
  512,0.81992718959468013917,0.1553272816025,0.0247455288028
  513,0.24905242426749629736,0.5293507026792,0.2215968730533
  514,0.81858199300485867678,0.1564570470810,0.0249609599142
  516,0.89099972656916948122,0.0949306780665,0.0140695953643
  517,0.20665459448250245167,0.5356442058399,0.2577011996776
  518,0.80780045669187394708,0.1654925865057,0.0267069568024
  520,0.33481299008746301382,0.4988311000691,0.1663559098434
  521,0.82737618325073325476,0.1490617134372,0.0235621033121
  522,0.91019456540170917691,0.0784001239248,0.0114053106735
  523,0.47776041835342120123,0.4174662858089,0.1047732958377
  524,0.87182565756004737345,0.1113546444344,0.0168196980056
  525,0.39756881676967692485,0.4665918230576,0.1358393601727
  526,0.34023343274960216043,0.4963177768723,0.1634487903781
  527,0.52147294955855738596,0.3879190123417,0.0906080380998
  528,0.08974881905236231638,0.4885746841353,0.4216764968123
  529,0.67191392797369919876,0.2759470296302,0.0521390423961
  530,0.23082809812302906849,0.5329651557538,0.2362067461231
  531,0.97806902069086654183,0.0192955683257,0.0026354109834
  534,0.77097430517130627337,0.1960830340165,0.0329426608122
  535,0.39699681252243768093,0.4669136755777,0.1360895118999
  536,0.88574605724242083671,0.0994398295065,0.0148141132510
  537,0.39756881676967692485,0.4665918230576,0.1358393601727
  538,0.69498474073997151823,0.2577005768733,0.0473146823867
  539,0.23219132011706067331,0.5327389672635,0.2350697126194
  540,0.91508492311637990024,0.0741748819730,0.0107401949106
  542,0.57637427895998372129,0.3486734543473,0.0749522666927
  545,0.52845761536121116375,0.3830490726338,0.0884933120050
  546,0.50613427338940808475,0.3984755640588,0.0953901625518
  547,0.90991699910680245988,0.0786397758099,0.0114432250833
  548,0.47330431028570407737,0.4203809467704,0.1063147429439
  551,0.85794442371980694784,0.1231869958442,0.0188685804360
  554,0.45275497928771157863,0.4335643013108,0.1136807194015
  556,0.59901833964855633052,0.3318972352879,0.0690844250635
  557,0.89158814808652453454,0.0944252279961,0.0139866239173
  559,0.91684548720092196028,0.0726524347120,0.0105020780871
  560,0.54592265431046183011,0.3707087059353,0.0833686397543
  562,0.94877605873728043662,0.0449222304197,0.0063017108430
  563,0.01548798949968277494,0.2781567679070,0.7063552425933
  564,0.71312946905719232227,0.2431901023165,0.0436804286263
  565,0.59901833964855633052,0.3318972352879,0.0690844250635
  566,0.10706637948043895570,0.5055259456465,0.3874076748730
  567,0.05345087467328579756,0.4286692225390,0.5178799027877
  568,0.60046957349467111609,0.3308114582377,0.0687189682677
  571,0.46420425232581252750,0.4262723520638,0.1095233956104
  572,0.84237380952598550632,0.1363989150841,0.0212272753899
  573,0.45171245415362093478,0.4342213954249,0.1140661504215
  574,0.82449349332262000800,0.1514883311649,0.0240181755125
  577,0.82395999365417582627,0.1519371631242,0.0241028432216
  578,0.79703808568134904000,0.1744769957222,0.0284849185965
  579,0.98253119137487432422,0.0153769989772,0.0020918096479
  582,0.43137942095199210968,0.4467954938078,0.1218250852402
  584,0.59901833964855633052,0.3318972352879,0.0690844250635
  586,0.90175890735932151543,0.0856755543506,0.0125655382901
  587,0.40121272724562284662,0.4645307638298,0.1342565089246
  589,0.59242541278694205165,0.3368141286816,0.0707604585315
  590,0.61880681041351781602,0.3169874682483,0.0642057213382
  591,0.95631249551027930345,0.0383456027342,0.0053419017556
  592,0.27494972255754768220,0.5222414456951,0.2028088317473
  593,0.29365122668587606558,0.5158709719850,0.1904778013291
  595,0.38418920192244965239,0.4739970416599,0.1418137564176
  596,0.87508682335803578134,0.1085676731555,0.0163455034865
  597,0.59998030371764832225,0.3311776563817,0.0688420399007
  598,0.43491403671474726522,0.4446436016340,0.1204423616512
  600,0.92430684679685248817,0.0661925061201,0.0095006470830
  602,0.61818095833314368193,0.3174624031324,0.0643566385344
  606,0.16410577138677262532,0.5328198207118,0.3030744079014
  607,0.75455972897284806500,0.2095739203517,0.0358663506755
  609,0.81992718959468013917,0.1553272816025,0.0247455288028
  610,0.39847918660810643932,0.4660786344268,0.1354421789651
  611,0.59532822258850837116,0.3346524674543,0.0700193099572
  612,0.52467329870629697552,0.3856923841720,0.0896343171217
  613,0.93106086101721441395,0.0603343586841,0.0086047802987
  614,0.57243534980565080605,0.3515587913741,0.0760058588202
  617,0.73708521135197835328,0.2238311675822,0.0390836210658
  619,0.54954520601404299729,0.3681209833659,0.0823338106201
  620,0.00000437349886817096,0.0056957819504,0.9942998445507
  621,0.42795847609598924866,0.4488640636463,0.1231774602577
  625,0.08579591329303792868,0.4838764005302,0.4303276861767
  627,0.54301294960233115194,0.3727803540836,0.0842066963141
  628,0.54602684294987269276,0.3706344119482,0.0833387451019
  629,0.31568683739455516424,0.5072212752034,0.1770918874020
  631,0.23394883092139839853,0.5324363919661,0.2336147771125
  632,0.78050476906122212561,0.1882081953079,0.0312870356309
  633,0.89603704295791930523,0.0906009695679,0.0133619874742
  635,0.23548311444964720174,0.5321622750190,0.2323546105313
  639,0.42665894307041674072,0.4496461743001,0.1236948826295
  641,0.25970347151207251457,0.5266873516956,0.2136091767923
  642,0.58100297958792967989,0.3452701137853,0.0737269066268
  643,0.01138067413892529522,0.2456328840601,0.7429864418009
  644,0.84931956666098729070,0.1305133865392,0.0201670467998
  645,0.67405962238360106475,0.2742600427877,0.0516803348287
  647,0.42954376520802661776,0.4479072158779,0.1225490189141
  648,0.76588118681108086072,0.2002789010751,0.0338399121138
  649,0.50692195803076867122,0.3979382157398,0.0951398262294
  650,0.59933910140392065991,0.3316573562455,0.0690035423506
  652,0.65849848575618163959,0.2864460214489,0.0550554927949
  653,0.69125903423358658895,0.2606629820506,0.0480779837159
  654,0.59933910140392065991,0.3316573562455,0.0690035423506
  655,0.54115369345522701394,0.3741008687412,0.0847454378035
  658,0.02123607264820825957,0.3141665779030,0.6645973494488
  659,0.92078281425681773875,0.0692451076957,0.0099720780475
  661,0.63211972737747756934,0.3068344991521,0.0610457734704
  664,0.20491512848374160427,0.5357319402477,0.2593529312686
  666,0.62561438491751708568,0.3118076389998,0.0625779760827
  667,0.97824510541716724887,0.0191410078183,0.0026138867645
  668,0.84206633864210767015,0.1366591479789,0.0212745133790
  669,0.83516307703564740539,0.1424949512429,0.0223419717215
  670,0.75673437222490358423,0.2077919864807,0.0354736412944
  671,0.92078281425681773875,0.0692451076957,0.0099720780475
  672,0.87584313994791462843,0.1079209470720,0.0162359129801
  673,0.38476454666298420815,0.4736840133799,0.1415514399571
  674,0.94699741379238200345,0.0464726391616,0.0065299470460
  675,0.43601576545575260191,0.4439698712874,0.1200143632568
  676,0.33278957506912698605,0.4997544870089,0.1674559379219
  677,0.74279894507547505889,0.2191816322652,0.0380194226593
  685,0.77414864863476418044,0.1934634881520,0.0323878632132
  686,0.87512039142047981510,0.1085389721632,0.0163406364163
  688,0.99774703948578047363,0.0019863778193,0.0002665826949
  689,0.23082809812302906849,0.5329651557538,0.2362067461231
  690,0.57439176470287889309,0.3501269377287,0.0754812975684
  692,0.87661662808652485168,0.1072593891602,0.0161239827533
  694,0.39587581564175100546,0.4675430959112,0.1365810884470
  695,0.79144303892210565721,0.1791335275014,0.0294234335764
  696,0.38751802833394399794,0.4721790779465,0.1403028937196
  697,0.37440268757462547011,0.4792440763476,0.1463532360778
  699,0.43390143062630670556,0.4452615824375,0.1208369869362
  700,0.59901833964855633052,0.3318972352879,0.0690844250635
  701,0.71179434593699764111,0.2442624100851,0.0439432439779
  704,0.85025548416024299136,0.1297193319768,0.0200251838630
  705,0.84015956838936589612,0.1382723923587,0.0215680392520
  706,0.60955351979725913569,0.3239872027085,0.0664592774943
  707,0.83516307703564740539,0.1424949512429,0.0223419717215
  708,0.36992317763475202064,0.4815956004284,0.1484812219369
  709,0.53592291629662114349,0.3778022495125,0.0862748341908
  710,0.47831396545316884339,0.4171028824759,0.1045831520710
  711,0.68991473306540873622,0.2617304069059,0.0483548600286
  712,0.76084183166841068413,0.2044217540070,0.0347364143246
  713,0.82075900702057458247,0.1546284136545,0.0246125793249
  717,0.93072569968951934793,0.0606252988532,0.0086490014573
  718,0.80055021743200271978,0.1715489916237,0.0279007909443
  719,0.18835365192882846941,0.5357670022263,0.2758793458449
  723,0.66508004972077905403,0.2813058086794,0.0536141415998
  724,0.99981679129753342483,0.0001615653411,0.0000216433614
  725,0.76707269655569831901,0.1992980880362,0.0336292154081
  726,0.76084183166841068413,0.2044217540070,0.0347364143246
  728,0.61757580630190678228,0.3179214240958,0.0645027696023
  729,0.39733482115696405756,0.4667235421170,0.1359416367260
  730,0.65001362053745492808,0.2930419800164,0.0569443994461
  735,0.83956630000618770460,0.1387741290752,0.0216595709186
  736,0.30282065227560839293,0.5124129440405,0.1847664036839
  737,0.00001428096425837300,0.0102654961282,0.9897202229075
  738,0.74279894507547505889,0.2191816322652,0.0380194226593
  739,0.61776705976326251601,0.3177763760493,0.0644565641875
  743,0.60399322296181023884,0.3281700115740,0.0678367654642
  744,0.74279894507547505889,0.2191816322652,0.0380194226593
  746,0.59901833964855633052,0.3318972352879,0.0690844250635
  749,0.86166141943547724935,0.1200235266228,0.0183150539417
  750,0.59693704959547411182,0.3334522304750,0.0696107199296
  751,0.13424575502605429200,0.5229084871102,0.3428457578638
  753,0.76318157630392113866,0.2024993377036,0.0343190859925
  754,0.59933910140392065991,0.3316573562455,0.0690035423506
  756,0.55961739379506014735,0.3608773181424,0.0795052880626
  757,0.68586034698194897619,0.2649449924687,0.0491946605494
  758,0.52608820594041572072,0.3847053937019,0.0892064003577
  759,0.46373401795332447328,0.4265745192807,0.1096914627660
  760,0.37723487729047766592,0.4777408581892,0.1450242645203
  761,0.38812956116416930108,0.4718433137054,0.1400271251305
  762,0.59933910140392065991,0.3316573562455,0.0690035423506
  763,0.82768239627904216515,0.1488038064688,0.0235137972522
  764,0.93148213913122213103,0.0599686293191,0.0085492315497
  765,0.43831421133367320930,0.4425597951536,0.1191259935128
  767,0.90721091851538726569,0.0809752884422,0.0118137930424
  770,0.34083132262502702226,0.4960370652710,0.1631316121040
  771,0.00465222592719227723,0.1672833718960,0.8280644021768
  773,0.52369147753667322220,0.3863763435333,0.0899321789301
  774,0.92172452146303773812,0.0684296487086,0.0098458298284
  775,0.87298566668349619757,0.1103636159572,0.0166507173593
  776,0.68586034698194897619,0.2649449924687,0.0491946605494
  779,0.96644959416261699836,0.0294812673808,0.0040691384566
  781,0.43116703954042556735,0.4469243229203,0.1219086375393
  782,0.00008379661631718882,0.0246594231378,0.9752567802458
  783,0.59901833964855633052,0.3318972352879,0.0690844250635
  785,0.84127035598397914562,0.1373327198556,0.0213969241605
  786,0.95701330945949680817,0.0377334487465,0.0052532417940
  790,0.20887468822144295011,0.5355104292897,0.2556148824888
  791,0.35082328889521807724,0.4912464374758,0.1579302736290
  792,0.83516307703564740539,0.1424949512429,0.0223419717215
  793,0.60955351979725913569,0.3239872027085,0.0664592774943
  798,0.50124938616707859218,0.4017961344523,0.0969544793806
  799,0.83265166000372592414,0.1446147268095,0.0227336131868
  800,0.87311114225732977534,0.1102563982312,0.0166324595115
  801,0.80273345333338563812,0.1697269429962,0.0275396036704
  802,0.10068404807463415818,0.4999085133609,0.3994074385645
  803,0.67616737221043721195,0.2726008467470,0.0512317810425
  804,0.80340574525601193834,0.1691655778317,0.0274286769123
  805,0.09084718884638642855,0.4898200759368,0.4193327352168
  806,0.06820407261327388060,0.4581768042821,0.4736191231047
  807,0.42916056721103579275,0.4481387829318,0.1227006498572
  808,0.91820958831088028695,0.0714723479795,0.0103180637096
  814,0.68692218934908289008,0.2641037859534,0.0489740246975
  815,0.84237380952598550632,0.1363989150841,0.0212272753899
  816,0.59998030371764832225,0.3311776563817,0.0688420399007
  817,0.74869183354146751075,0.2143737875319,0.0369343789266
  819,0.58875428604041057934,0.3395406265160,0.0717050874435
  820,0.61026568618174359404,0.3234501878262,0.0662841259920
  823,0.64891799323626231377,0.2938911279453,0.0571908788185
  824,0.84975422339858941445,0.1301446427914,0.0201011338100
  825,0.59819206439155114818,0.3325148782117,0.0692930573968
  826,0.91415499949525735879,0.0749787499971,0.0108662505076
  828,0.23820170299694243266,0.5316541000828,0.2301441969203
  829,0.99012756455034545144,0.0086972974938,0.0011751379558
  830,0.99729237819897564865,0.0023871275463,0.0003204942548
  832,0.80759841477273042187,0.1656615768233,0.0267400084040
  833,0.25419612073999375834,0.5281122779145,0.2176916013455
  834,0.36878804458353320328,0.4821863473200,0.1490256080964
  835,0.70426014722768681686,0.2502999612670,0.0454398915054
  837,0.90991699910680245988,0.0786397758099,0.0114432250833
  838,0.59295321735996764367,0.3364214616315,0.0706253210085
  842,0.99845886637328473689,0.0013588792874,0.0001822543393
  844,0.92391970690766245244,0.0665279907689,0.0095523023234
  846,0.30521246305591565040,0.5114770789646,0.1833104579795
  847,0.27332941843288038886,0.5227473375702,0.2039232439970
  848,0.68288672072975564742,0.2672981064529,0.0498151728173
  849,0.90028566075087379517,0.0869444720750,0.0127698671741
  851,0.83516307703564740539,0.1424949512429,0.0223419717215
  852,0.83842333271123870020,0.1397404803546,0.0218361869342
  854,0.69064044615369035718,0.2611542607234,0.0482052931229
  857,0.26519338073517817467,0.5251690638726,0.2096375553923
  860,0.54819951721832194114,0.3690833571812,0.0827171256005
  861,0.43035331062265780311,0.4474174288184,0.1222292605589
  862,0.59901833964855633052,0.3318972352879,0.0690844250635
  863,0.92144249126288690910,0.0686738897939,0.0098836189432
  864,0.90237792810106043362,0.0851422354959,0.0124798364030
  865,0.35868859879798520307,0.4873480934302,0.1539633077718
  867,0.78165131673523635669,0.1872588055662,0.0310898776986
  868,0.97663619423415359844,0.0205530257248,0.0028107800410
  872,0.33929724078954759392,0.4967559437587,0.1639468154517
  875,0.24935851476213188871,0.5292795693709,0.2213619158670
  876,0.95003520249650530438,0.0438242622462,0.0061405352573
  877,0.39915575913509560024,0.4656964906531,0.1351477502118
  879,0.65198843847647180993,0.2915099342525,0.0565016272710
  880,0.86981052803167391296,0.1130754144446,0.0171140575237
  882,0.53567568835671353078,0.3779766861149,0.0863476255284
  884,0.62224035831537594099,0.3143780588237,0.0633815828609
  887,0.94112515858421319503,0.0515866544446,0.0072881869712
  889,0.99993321686563296780,0.0000588944227,0.0000078887117
  890,0.30754553617902424811,0.5105510998692,0.1819033639518
  891,0.94204362396117713452,0.0507872632712,0.0071691127676
  894,0.61780873809463554558,0.3177447642110,0.0644464976944
  895,0.77097430517130627337,0.1960830340165,0.0329426608122
  898,0.63440490963249995815,0.3050822443500,0.0605128460175
  899,0.96528370800116769512,0.0305018221181,0.0042144698807
  904,0.74529622680931595369,0.2171457088035,0.0375580643871
  907,0.38367091128684205348,0.4742786022180,0.1420504864952
  908,0.08775459743803160073,0.4862475535144,0.4259978490475
  910,0.52989217513801434301,0.3820441356438,0.0880636892182
  911,0.63760025891618010707,0.3026275250548,0.0597722160290
  913,0.96434143792913240567,0.0313264368511,0.0043321252197
  915,0.65504272927756068690,0.2891366808316,0.0558205898909
  916,0.82200925381399958525,0.1535776145713,0.0244131316147
  919,0.92636347263427187837,0.0644097362523,0.0092267911134
  921,0.65824146039899567029,0.2866463400012,0.0551121995998
  923,0.82333389651428157130,0.1524637921903,0.0242023112955
  925,0.81992718959468013917,0.1553272816025,0.0247455288028
  927,0.35705884047086478006,0.4881647967025,0.1547763628267
  930,0.80882912823010877368,0.1646320018131,0.0265388699568
  931,0.92078281425681773875,0.0692451076957,0.0099720780475
  932,0.94811199418712333031,0.0455011591795,0.0063868466334
  933,0.60999118831100274107,0.3236572093144,0.0663516023746
  934,0.82638426528930297721,0.1498969688331,0.0237187658776
  935,0.17324342072973175632,0.5343939434380,0.2923626358323
  936,0.91684548720091973983,0.0726524347120,0.0105020780871
  937,0.09656846901087756674,0.4959115448039,0.4075199861853
  939,0.45343867968864703943,0.4331327372324,0.1134285830790
  940,0.85025548416024299136,0.1297193319768,0.0200251838630
  941,0.68236849422362377826,0.2677077943620,0.0499237114144
  942,0.91820958831088028695,0.0714723479795,0.0103180637096
  944,0.84148257469779141893,0.1371531544006,0.0213642709016
  945,0.86268191440340924458,0.1191543699520,0.0181637156446
  947,0.14916482607900216628,0.5288586338732,0.3219765400478
  950,0.85196369642323999116,0.1282694376872,0.0197668658895
  951,0.61132914218642220305,0.3226477446230,0.0660231131906
  953,0.75293727192272041915,0.2109022968901,0.0361604311872
  955,0.73484508087566902113,0.2256507591451,0.0395041599792
  956,0.49024660597249547500,0.4091989735897,0.1005544204378
  960,0.44366295685834522544,0.4392550121288,0.1170820310129
  962,0.84547713553873005132,0.1337709157972,0.0207519486641
  963,0.82467183184194381429,0.1513382770845,0.0239898910736
  964,0.65236907228694696048,0.2912144217364,0.0564165059767
  965,0.17469870045985169682,0.5345904726800,0.2907108268602
  966,0.99296082297629828517,0.0062031449906,0.0008360320331
  970,0.78304083084176956397,0.1861076548850,0.0308515142732
  973,0.69985071166560763878,0.2538226356314,0.0463266527030
  974,0.83894152310508030013,0.1393024077483,0.0217560691466
  976,0.82310759308580616622,0.1526541148729,0.0242382920413
  977,0.46101294497140721251,0.4283186000697,0.1106684549589
  979,0.47558652870195017304,0.4188905917925,0.1055228795056
  981,0.52608820594041572072,0.3847053937019,0.0892064003577
  982,0.84786712877405756572,0.1317452016354,0.0203876695905
  983,0.90083452229645166742,0.0864717933321,0.0126936843714
  985,0.80933224588217089757,0.1642109782538,0.0264567758640
  986,0.54486474959767761117,0.3714626232491,0.0836726271532
  987,0.42795847609598924866,0.4488640636463,0.1231774602577
  990,0.82535348369154271087,0.1507646505267,0.0238818657818
  993,0.38211136358889519204,0.4751233757632,0.1427652606479
  994,0.88113338477282188155,0.1033932634744,0.0154733517528
  995,0.55459897515536504820,0.3644952981112,0.0809057267334
  996,0.89508434622378796330,0.0914203032991,0.0134953504771
  997,0.41106868805259411115,0.4588653772727,0.1300659346747
 1000,0.59965975616374422863,0.3314174965137,0.0689227473225
 1001,0.92243534020820727726,0.0678139937319,0.0097506660599
 1004,0.39756881676967692485,0.4665918230576,0.1358393601727
 1007,0.85481216805101911671,0.1258499810487,0.0193378509002
 1008,0.32509306087048495115,0.5031909501145,0.1717159890150
 1009,0.72383166301343693227,0.2345689943736,0.0415993426130
 1010,0.58110676038462882875,0.3451936509775,0.0736995886379
 1011,0.93174887635591319146,0.0597370435042,0.0085140801399
 1012,0.82997866962606625663,0.1468689243708,0.0231524060031
 1013,0.85792789344213815639,0.1232010563751,0.0188710501828
 1016,0.82768239627904216515,0.1488038064688,0.0235137972522
 1017,0.86454835083148451336,0.1175640243843,0.0178876247842
 1018,0.38788925305483734629,0.4719753215298,0.1401354254153
 1021,0.96983918817347780639,0.0265126619446,0.0036481498819
 1023,0.71059118572124169155,0.2452281158588,0.0441806984200
 1024,0.92244086163435889958,0.0678092110694,0.0097499272963
 1025,0.37169457907785263817,0.4806695515445,0.1476358693776
 1026,0.69491988844218632870,0.2577521933146,0.0473279182432
 1027,0.81823489589361797503,0.1567484710514,0.0250166330550
 1029,0.87981160169349426070,0.1045251710967,0.0156632272098
 1032,0.74038868828887527407,0.2211444423245,0.0384668693866
 1033,0.86511634009194926520,0.1170798754185,0.0178037844895
 1034,0.55256672284830221642,0.3659554451881,0.0814778319636
 1036,0.41805444453933948701,0.4547723511618,0.1271732042989
 1037,0.92933696761090933691,0.0618305409434,0.0088324914457
 1038,0.81992718959468013917,0.1553272816025,0.0247455288028
 1039,0.10049680475579214622,0.4997332779812,0.3997699172630
 1041,0.26894003644309494305,0.5240787576245,0.2069812059324
 1042,0.83516307703564740539,0.1424949512429,0.0223419717215
 1043,0.32643536659717831139,0.5026004089843,0.1709642244186
 1045,0.84812181104533745923,0.1315292463567,0.0203489425979
 1049,0.85296179375026359715,0.1274219123225,0.0196162939273
 1052,0.90839502902700264286,0.0799535364095,0.0116514345635
 1053,0.59965975616374422863,0.3314174965137,0.0689227473225
 1055,0.94612703523412955420,0.0472310897704,0.0066418749954
 1056,0.36680602169340204011,0.4832127791498,0.1499811991568
 1057,0.83601535829453088589,0.1417751763226,0.0222094653829
 1058,0.66153645686557116523,0.2840759157052,0.0543876274292
 1059,0.82629403224407305117,0.1499729365555,0.0237330312005
 1060,0.73496128129379822980,0.2255564191873,0.0394822995189
 1061,0.13912429691513494845,0.5250960848587,0.3357796182261
 1062,0.68614322023563567576,0.2647209444922,0.0491358352722
 1063,0.36158420493349185953,0.4858857597518,0.1525300353147
 1066,0.84632458670635446474,0.1330528092830,0.0206226040107
 1067,0.91098609935577423702,0.0777166132373,0.0112972874069
 1068,0.33953545123161865682,0.4966446139105,0.1638199348578
 1073,0.01462773400616157460,0.2719193310682,0.7134529349256
 1074,0.39665886159196306338,0.4671036158405,0.1362375225675
 1075,0.76136668424123243870,0.2039906814267,0.0346426343321
 1076,0.82181709588505635899,0.1537391477656,0.0244437563494
 1078,0.91673252456229892271,0.0727501401364,0.0105173353013
